0.0
1.0
8.630415506498438E10
1.7179976780456836E11
2.5649441306582617E11
3.403955947297285E11
4.2351074637697266E11
5.0584723194659863E11
5.874123463884238E11
6.68213316309375E11
7.482573006137539E11
8.275513911375166E11
9.061026132766016E11
9.83917926609375E11
1.0610042255132422E12
1.1373683397754893E12
1.2130170351983926E12
1.287957014198664E12
1.3621949164012812E12
1.4357373192277568E12
1.5085907384788828E12
1.580761628912038E12
1.6522563848130625E12
1.7230813405627998E12
1.7932427711983037E12
1.8627468929688145E12
1.931599863886505E12
1.999807784272081E12
2.0673766972952607E12
2.1343125895102021E12
2.2006213913858984E12
2.266308977831616E12
2.331381168717414E12
2.3958437293897686E12
2.4597023711823857E12
2.5229627519222197E12
2.585630476430752E12
2.647711097020573E12
2.7092101139873154E12
2.7701329760969736E12
2.830485081068659E12
2.890271776052841E12
2.949498358105092E12
3.0081700746554033E12
3.0662921239731123E12
3.123869655627454E12
3.1809077709438145E12
3.237411523455705E12
3.293385919352501E12
3.3488359179229824E12
3.4037664319947275E12
3.4581823283693857E12
3.512088428253867E12
3.565489507687507E12
3.618390297965209E12
3.6707954860566426E12
3.722709715021499E12
3.774137584420866E12
3.825083650724748E12
3.875552427715759E12
3.925548386889043E12
3.975075957848449E12
4.0241395286989873E12
4.0727434464356113E12
4.1208920173283584E12
4.168589507303884E12
4.21584014232342E12
4.2626481087571865E12
4.3090175537553076E12
4.35495258561524E12
4.4004572741457705E12
4.445535651027594E12
4.490191710170517E12
4.534429408067319E12
4.57825266414429E12
4.621665361108493E12
4.664671345291765E12
4.707274426991501E12
4.749478380808244E12
4.79128694598011E12
4.832703826714086E12
4.873732692514212E12
4.914377178506703E12
4.954640885762016E12
4.994527381613901E12
5.034040199975469E12
5.073182841652287E12
5.111958774652553E12
5.150371434494351E12
5.188424224510045E12
5.226120516147805E12
5.263463649270318E12
5.300456932450693E12
5.337103643265605E12
5.373407028585678E12
5.409370304863162E12
5.444996658416902E12
5.480289245714649E12
5.515251193652721E12
5.549885599833033E12
5.584195532837558E12
5.618184032500189E12
5.65185411017607E12
5.685208749008404E12
5.718250904192748E12
5.750983503238848E12
5.783409446230014E12
5.815531606080059E12
5.847352828787846E12
5.878875933689436E12
5.910103713707876E12
5.941038935600658E12
5.971684340204848E12
6.002042642679914E12
6.032116532748305E12
6.061908674933736E12
6.091421708797284E12
6.120658249171237E12
6.149620886390772E12
6.178312186523455E12
6.206734691596594E12
6.234890919822457E12
6.262783365821391E12
6.290414500842834E12
6.317786772984273E12
6.344902607408145E12
6.371764406556692E12
6.398374550364832E12
6.424735396471011E12
6.450849280426084E12
6.476718515900252E12
6.502345394888047E12
6.527732187911398E12
6.552881144220805E12
6.577794491994613E12
6.602474438536434E12
6.626923170470703E12
6.651142853936424E12
6.675135634779078E12
6.698903638740746E12
6.722448971648451E12
6.745773719600729E12
6.768879949152455E12
6.791769707497945E12
6.814445022652329E12
6.836907903631234E12
6.85916034062878E12
6.881204305193913E12
6.903041750405078E12
6.924674611043266E12
6.946104803763426E12
6.967334227264288E12
6.988364762456583E12
7.009198272629686E12
7.029836603616708E12
7.050281583958031E12
7.070535025063322E12
7.090598721372012E12
7.11047445051229E12
7.130163973458598E12
7.14966903468765E12
7.168991362332996E12
7.188132668338124E12
7.207094648608147E12
7.225878983160054E12
7.244487336271557E12
7.26292135662855E12
7.281182677471174E12
7.299272916738527E12
7.317193677212011E12
7.334946546657333E12
7.352533097965187E12
7.369954889290602E12
7.387213464191001E12
7.404310351762958E12
7.42124706677767E12
7.438025109815169E12
7.4546459673972705E12
7.471111112119277E12
7.487422002780455E12
7.503580084513273E12
7.519586788911449E12
7.535443534156784E12
7.551151725144811E12
7.56671275360927E12
7.582127998245414E12
7.597398824832159E12
7.612526586353094E12
7.62751262311635E12
7.642358262873353E12
7.657064820936462E12
7.671633600295504E12
7.686065891733219E12
7.700362973939619E12
7.714526113625281E12
7.728556565633581E12
7.742455573051863E12
7.756224367321583E12
7.769864168347411E12
7.783376184605314E12
